0 0.17265625 0.353125 0.0390625 0.05859375
0 0.22109375 0.353125 0.03671875 0.05859375
0 0.26640625 0.35390625 0.0328125 0.05859375
0 0.31015625 0.353125 0.02890625 0.06015625
0 0.3546875 0.353125 0.0328125 0.0578125
0 0.40390625 0.353125 0.03671875 0.05703125
0 0.453125 0.353125 0.0390625 0.05703125
0 0.49921875 0.3546875 0.02890625 0.05546875
0 0.5453125 0.35390625 0.0359375 0.059375
0 0.5953125 0.353125 0.040625 0.05625
0 0.171875 0.4421875 0.0390625 0.05625
0 0.2203125 0.44140625 0.03984375 0.05703125
0 0.265625 0.44140625 0.028125 0.0578125
0 0.31015625 0.4421875 0.03203125 0.0546875
0 0.35625 0.44140625 0.0296875 0.05625
0 0.4046875 0.44140625 0.03671875 0.05625
0 0.45234375 0.44140625 0.03359375 0.05546875
0 0.4984375 0.44140625 0.0328125 0.0546875
0 0.5421875 0.440625 0.03125 0.05546875
0 0.58828125 0.43984375 0.0359375 0.05703125
0 0.171875 0.528125 0.03671875 0.059375
0 0.221875 0.52734375 0.0375 0.05859375
0 0.2703125 0.528125 0.03359375 0.059375
0 0.31796875 0.5296875 0.0328125 0.05859375
0 0.36328125 0.52890625 0.0296875 0.059375
0 0.40859375 0.5265625 0.03984375 0.06328125
0 0.4609375 0.52890625 0.0328125 0.06015625
0 0.509375 0.528125 0.03984375 0.05859375
0 0.55859375 0.528125 0.03515625 0.05859375
0 0.60546875 0.52890625 0.0390625 0.06015625
0 0.171875 0.61796875 0.0390625 0.05546875
0 0.2203125 0.61875 0.03671875 0.05625
0 0.265625 0.61875 0.0296875 0.05703125
0 0.3109375 0.61875 0.0359375 0.05703125
0 0.35703125 0.6171875 0.03515625 0.05546875
0 0.4046875 0.61796875 0.0328125 0.0546875
0 0.453125 0.61796875 0.0375 0.0578125
0 0.5 0.61796875 0.03203125 0.05546875
0 0.546875 0.61875 0.03671875 0.05546875
0 0.590625 0.61875 0.03515625 0.05703125