0 0.5515625 0.43125 0.03984375 0.08046875
0 0.5921875 0.4296875 0.02265625 0.08046875
0 0.64140625 0.4296875 0.0578125 0.08046875
0 0.703125 0.4296875 0.046875 0.07890625
0 0.75390625 0.43125 0.0359375 0.08046875
0 0.8125 0.43046875 0.0625 0.078125
0 0.86328125 0.4296875 0.02421875 0.07890625
0 0.5109375 0.55546875 0.03203125 0.0640625
0 0.54140625 0.55546875 0.0125 0.06171875
0 0.59609375 0.55546875 0.08125 0.0640625
0 0.68515625 0.55546875 0.078125 0.0625
0 0.77421875 0.5546875 0.07734375 0.0609375
0 0.85859375 0.55390625 0.06953125 0.06328125
0 0.578125 0.621875 0.08203125 0.06015625
0 0.66953125 0.621875 0.0765625 0.0625
0 0.7578125 0.62109375 0.07890625 0.06171875
0 0.84765625 0.621875 0.07734375 0.0625
0 0.903125 0.6203125 0.01484375 0.0609375