0 0.56640625 0.14609375 0.08046875 0.04609375
0 0.68515625 0.1453125 0.1203125 0.0421875
0 0.8 0.1453125 0.0640625 0.0421875
0 0.5609375 0.22265625 0.07109375 0.05703125
0 0.653125 0.22265625 0.05859375 0.05859375
0 0.73046875 0.22265625 0.05859375 0.0578125
0 0.81484375 0.221875 0.08125 0.0546875
0 0.14765625 0.32890625 0.0765625 0.06484375
0 0.26328125 0.328125 0.1390625 0.0640625
0 0.3921875 0.32890625 0.0828125 0.0640625
0 0.5203125 0.32890625 0.14921875 0.06484375
0 0.75625 0.32890625 0.2921875 0.065625
0 0.14375 0.403125 0.071875 0.0515625
0 0.23515625 0.4015625 0.0734375 0.05078125
0 0.32265625 0.4046875 0.0703125 0.05
0 0.4234375 0.403125 0.08828125 0.05390625
0 0.58359375 0.403125 0.20625 0.0515625
0 0.80859375 0.403125 0.19609375 0.05078125