0 0.2015625 0.2953125 0.07421875 0.315625
0 0.29765625 0.29609375 0.096875 0.3140625
0 0.39296875 0.29609375 0.07109375 0.3140625
0 0.48828125 0.2953125 0.096875 0.31640625
0 0.58359375 0.29609375 0.07421875 0.31484375
0 0.67890625 0.2953125 0.0953125 0.31484375
0 0.7734375 0.2953125 0.07421875 0.31484375
0 0.22109375 0.6875 0.0703125 0.31484375
0 0.3046875 0.68671875 0.07421875 0.31484375
0 0.3953125 0.68828125 0.07734375 0.3171875
0 0.48359375 0.6875 0.0765625 0.31640625
0 0.57109375 0.68671875 0.08046875 0.3140625
0 0.6609375 0.68671875 0.0765625 0.31796875
0 0.7515625 0.6875 0.08359375 0.31640625