0 0.2203125 0.13828125 0.05390625 0.07421875
0 0.27421875 0.15390625 0.0359375 0.04765625
0 0.325 0.15390625 0.0359375 0.04609375
0 0.36875 0.153125 0.0296875 0.05
0 0.4203125 0.153125 0.0421875 0.04375
0 0.47109375 0.153125 0.028125 0.0453125
0 0.515625 0.15234375 0.0328125 0.04609375
0 0.55625 0.15234375 0.02734375 0.04453125
0 0.60859375 0.15390625 0.02734375 0.046875
0 0.65859375 0.153125 0.021875 0.0453125
0 0.69765625 0.1515625 0.03125 0.04765625
0 0.740625 0.15390625 0.02421875 0.04453125
0 0.7828125 0.15234375 0.03125 0.04453125
0 0.13828125 0.8484375 0.1125 0.07734375
0 0.234375 0.84765625 0.05078125 0.07734375
0 0.29921875 0.84765625 0.05703125 0.075
0 0.3765625 0.8484375 0.0609375 0.0765625
0 0.4515625 0.84765625 0.05546875 0.078125