0 0.20078125 0.37578125 0.203125 0.58515625
0 0.3359375 0.390625 0.0328125 0.5671875
0 0.37578125 0.3890625 0.021875 0.56328125
0 0.409375 0.390625 0.0203125 0.5609375
0 0.440625 0.3890625 0.01484375 0.5640625
0 0.478125 0.3890625 0.03828125 0.559375
0 0.5375 0.3890625 0.053125 0.5640625
0 0.59453125 0.390625 0.03125 0.5640625
0 0.6546875 0.3890625 0.0546875 0.559375
0 0.71640625 0.3890625 0.040625 0.5578125
0 0.7796875 0.3875 0.053125 0.55859375
0 0.83828125 0.38984375 0.03671875 0.5609375
0 0.9015625 0.3890625 0.0546875 0.56328125