0 0.384375 0.19296875 0.19296875 0.04921875
0 0.5203125 0.19296875 0.05390625 0.04609375
0 0.58359375 0.1921875 0.0453125 0.05
0 0.64375 0.190625 0.046875 0.04921875
0 0.70703125 0.190625 0.0515625 0.0515625
0 0.265625 0.3671875 0.0671875 0.1328125
0 0.34375 0.3671875 0.06171875 0.13203125
0 0.41640625 0.36640625 0.0515625 0.13125
0 0.49140625 0.36640625 0.0640625 0.13125
0 0.5671875 0.3671875 0.05078125 0.13203125
0 0.634375 0.365625 0.0578125 0.13125
0 0.70390625 0.3671875 0.0453125 0.1328125
0 0.77109375 0.3671875 0.04921875 0.1328125