0 0.25625 0.24453125 0.15390625 0.1015625
0 0.42578125 0.24453125 0.05625 0.10078125
0 0.5421875 0.24375 0.04453125 0.1
0 0.66015625 0.24453125 0.04453125 0.1
0 0.7921875 0.24375 0.06328125 0.103125
0 0.25703125 0.4109375 0.15546875 0.15703125
0 0.4328125 0.4109375 0.0390625 0.15625
0 0.54609375 0.41015625 0.03671875 0.15703125
0 0.6640625 0.409375 0.0390625 0.15625
0 0.79140625 0.4109375 0.03671875 0.15859375
0 0.2578125 0.6046875 0.15703125 0.159375
0 0.43046875 0.6046875 0.03359375 0.15546875
0 0.546875 0.6046875 0.03203125 0.15703125
0 0.66015625 0.6046875 0.0390625 0.15703125