0 0.271875 0.11953125 0.07578125 0.10859375
0 0.35390625 0.1203125 0.0609375 0.1078125
0 0.45859375 0.12109375 0.05546875 0.11015625
0 0.60546875 0.12109375 0.04921875 0.10625
0 0.6640625 0.12109375 0.046875 0.10625
0 0.72890625 0.12109375 0.0609375 0.10703125
0 0.25234375 0.26484375 0.06875 0.1078125
0 0.34296875 0.26484375 0.06875 0.1078125
0 0.4359375 0.265625 0.0796875 0.10546875
0 0.5875 0.2671875 0.0671875 0.10546875
0 0.66328125 0.2671875 0.0640625 0.1078125
0 0.740625 0.26484375 0.0671875 0.1078125