0 0.12421875 0.20234375 0.0828125 0.06015625
0 0.2015625 0.2015625 0.040625 0.06171875
0 0.259375 0.2015625 0.05234375 0.059375
0 0.31484375 0.2015625 0.034375 0.059375
0 0.36328125 0.20234375 0.03671875 0.06015625
0 0.41640625 0.2015625 0.0515625 0.059375
0 0.47734375 0.2015625 0.0375 0.0609375
0 0.12578125 0.665625 0.084375 0.0609375
0 0.2015625 0.665625 0.04375 0.06171875
0 0.259375 0.6671875 0.04609375 0.0609375
0 0.3140625 0.66640625 0.0328125 0.0609375
0 0.3625 0.665625 0.0375 0.0609375
0 0.41875 0.66640625 0.04921875 0.06015625
0 0.475 0.66640625 0.0375 0.06015625