0 0.315625 0.18984375 0.06171875 0.128125
0 0.38046875 0.1890625 0.04765625 0.12734375
0 0.44296875 0.18984375 0.04375 0.128125
0 0.503125 0.1890625 0.0453125 0.12890625
0 0.5671875 0.1890625 0.04921875 0.128125
0 0.63203125 0.18984375 0.053125 0.1296875
0 0.7015625 0.1890625 0.05703125 0.128125
0 0.321875 0.371875 0.0578125 0.12734375
0 0.38515625 0.37109375 0.04140625 0.1265625
0 0.44296875 0.3734375 0.046875 0.12890625
0 0.5046875 0.37265625 0.0453125 0.12890625
0 0.56640625 0.371875 0.04765625 0.12890625
0 0.63359375 0.37109375 0.04921875 0.13125
0 0.7046875 0.37109375 0.0578125 0.1296875