0 0.1046875 0.15 0.028125 0.0890625
0 0.209375 0.14765625 0.15703125 0.090625
0 0.390625 0.14765625 0.1703125 0.090625
0 0.1953125 0.28515625 0.18515625 0.0921875
0 0.37890625 0.28515625 0.15078125 0.09375
0 0.5390625 0.48359375 0.0390625 0.04765625
0 0.58671875 0.484375 0.03671875 0.04609375
0 0.6296875 0.484375 0.02421875 0.0484375
0 0.6703125 0.48359375 0.0296875 0.04765625
0 0.71484375 0.48515625 0.0390625 0.04921875
0 0.76015625 0.4859375 0.0296875 0.0453125
0 0.79765625 0.4859375 0.02421875 0.04765625
0 0.840625 0.490625 0.0296875 0.0359375
0 0.88125 0.4890625 0.0296875 0.03671875