0 0.5390625 0.13984375 0.0375 0.0734375
0 0.59375 0.13828125 0.04140625 0.07421875
0 0.646875 0.13984375 0.03671875 0.0734375
0 0.69609375 0.1390625 0.0375 0.07578125
0 0.7515625 0.13984375 0.03359375 0.075
0 0.8015625 0.1390625 0.03984375 0.07421875
0 0.85546875 0.13828125 0.03203125 0.075
0 0.90703125 0.13828125 0.0421875 0.07421875
0 0.5671875 0.2734375 0.09140625 0.09140625
0 0.64765625 0.2734375 0.0484375 0.09140625
0 0.7046875 0.28046875 0.0484375 0.08203125
0 0.78828125 0.2796875 0.09296875 0.07890625
0 0.86875 0.27734375 0.0421875 0.07734375
0 0.9265625 0.278125 0.04609375 0.08125
0 0.1078125 0.53359375 0.04609375 0.0859375
0 0.1578125 0.55390625 0.034375 0.04609375
0 0.1984375 0.55390625 0.0296875 0.04609375
0 0.23984375 0.5546875 0.02265625 0.04609375
0 0.28125 0.5546875 0.03359375 0.04375
0 0.32578125 0.55390625 0.02421875 0.04453125
0 0.3671875 0.5546875 0.03203125 0.04609375
0 0.4078125 0.55390625 0.021875 0.04609375
0 0.45078125 0.5546875 0.03125 0.0453125