0 0.13828125 0.22265625 0.03203125 0.1265625
0 0.1875 0.22109375 0.04375 0.12890625
0 0.2515625 0.22265625 0.05078125 0.12734375
0 0.32109375 0.2234375 0.05078125 0.128125
0 0.3921875 0.221875 0.0625 0.1296875
0 0.62578125 0.2109375 0.04609375 0.10390625
0 0.67265625 0.2109375 0.02734375 0.10078125
0 0.72109375 0.2109375 0.04140625 0.103125
0 0.77734375 0.2109375 0.0390625 0.10625
0 0.8390625 0.2109375 0.059375 0.103125
0 0.165625 0.475 0.0375 0.10078125
0 0.2109375 0.475 0.03046875 0.10078125
0 0.2625 0.475 0.04375 0.10390625
0 0.31875 0.4734375 0.04296875 0.1046875
0 0.37890625 0.47265625 0.05234375 0.10546875