0 0.2859375 0.11953125 0.046875 0.04609375
0 0.36640625 0.1203125 0.071875 0.04453125
0 0.46015625 0.1125 0.065625 0.06015625
0 0.54765625 0.11328125 0.0734375 0.059375
0 0.6375 0.1125 0.06875 0.06171875
0 0.2046875 0.37421875 0.0765625 0.08828125
0 0.28984375 0.37421875 0.0609375 0.0921875
0 0.3671875 0.36640625 0.0640625 0.10546875
0 0.4453125 0.3671875 0.0609375 0.1046875
0 0.521875 0.365625 0.0640625 0.1046875
0 0.59765625 0.3671875 0.06328125 0.1046875
0 0.6734375 0.36640625 0.0609375 0.10390625
0 0.74765625 0.365625 0.0609375 0.103125
0 0.225 0.72265625 0.1109375 0.03828125
0 0.35546875 0.72265625 0.0875 0.0390625
0 0.459375 0.72109375 0.0875 0.0390625
0 0.5671875 0.71953125 0.0859375 0.0359375
0 0.67578125 0.72109375 0.090625 0.0390625
0 0.78125 0.721875 0.090625 0.03671875