0 0.18828125 0.27109375 0.065625 0.1578125
0 0.26171875 0.271875 0.0546875 0.1609375
0 0.32421875 0.271875 0.040625 0.15859375
0 0.37890625 0.271875 0.03984375 0.16328125
0 0.44140625 0.27109375 0.04921875 0.16015625
0 0.50703125 0.271875 0.04765625 0.1609375
0 0.57109375 0.271875 0.04765625 0.1609375
0 0.63359375 0.27109375 0.04765625 0.15703125
0 0.7078125 0.271875 0.0546875 0.1609375
0 0.78125 0.27109375 0.053125 0.16015625
0 0.85546875 0.271875 0.05859375 0.16328125
0 0.17578125 0.47890625 0.065625 0.16015625
0 0.24921875 0.478125 0.0546875 0.15859375
0 0.31015625 0.478125 0.0421875 0.15859375
0 0.37265625 0.47734375 0.05 0.1578125
0 0.43671875 0.47734375 0.05 0.1578125
0 0.503125 0.47890625 0.0453125 0.16015625
0 0.57265625 0.4765625 0.05 0.16015625
0 0.64609375 0.47890625 0.053125 0.1609375
0 0.71796875 0.47734375 0.05 0.16015625
0 0.790625 0.47734375 0.05859375 0.15859375
0 0.87265625 0.478125 0.06796875 0.1609375
0 0.184375 0.68359375 0.053125 0.15859375
0 0.2546875 0.68515625 0.04921875 0.15390625
0 0.3140625 0.68359375 0.03984375 0.1578125
0 0.3765625 0.68359375 0.04765625 0.16015625
0 0.43828125 0.6828125 0.04609375 0.16171875
0 0.50546875 0.68359375 0.04609375 0.15859375
0 0.57578125 0.684375 0.04921875 0.15859375
0 0.6484375 0.68359375 0.04921875 0.15859375
0 0.72109375 0.68515625 0.05 0.15859375
0 0.7921875 0.68359375 0.0453125 0.1578125
0 0.86484375 0.684375 0.06796875 0.1609375