0 0.12890625 0.15078125 0.078125 0.10546875
0 0.23359375 0.15078125 0.0796875 0.10625
0 0.34375 0.15078125 0.0796875 0.10703125
0 0.45546875 0.1515625 0.075 0.10625
0 0.57265625 0.15078125 0.090625 0.10703125
0 0.68671875 0.15078125 0.075 0.10703125
0 0.7890625 0.15 0.0640625 0.10703125
0 0.12890625 0.2875 0.08203125 0.11015625
0 0.23203125 0.28671875 0.075 0.10625
0 0.34609375 0.2875 0.0796875 0.10390625
0 0.45546875 0.2875 0.07734375 0.10390625
0 0.56953125 0.2875 0.08828125 0.10703125
0 0.68671875 0.2875 0.0796875 0.10703125
0 0.78203125 0.2875 0.0515625 0.10859375