0 0.23046875 0.3453125 0.034375 0.3421875
0 0.28046875 0.346875 0.034375 0.3375
0 0.32109375 0.34765625 0.02421875 0.33828125
0 0.3578125 0.34765625 0.01875 0.33671875
0 0.39375 0.34765625 0.02265625 0.33671875
0 0.42890625 0.34609375 0.028125 0.33828125
0 0.46640625 0.34765625 0.02265625 0.33359375
0 0.50625 0.34765625 0.02421875 0.3359375
0 0.54375 0.3484375 0.0203125 0.3359375
0 0.57890625 0.346875 0.02265625 0.3375
0 0.6140625 0.34765625 0.01796875 0.3359375
0 0.65234375 0.34765625 0.028125 0.34140625
0 0.68828125 0.34765625 0.01796875 0.33828125
0 0.72109375 0.34609375 0.02265625 0.33828125
0 0.76171875 0.3484375 0.028125 0.3390625