0 0.1296875 0.37890625 0.075 0.07734375
0 0.2046875 0.3796875 0.04921875 0.07578125
0 0.2671875 0.3796875 0.04765625 0.07734375
0 0.3265625 0.3796875 0.0421875 0.07890625
0 0.38515625 0.378125 0.0453125 0.0765625
0 0.44296875 0.37734375 0.04375 0.078125
0 0.55 0.4890625 0.0671875 0.06171875
0 0.61796875 0.4890625 0.0421875 0.06015625
0 0.678125 0.48828125 0.04140625 0.0625
0 0.734375 0.4875 0.03984375 0.0609375
0 0.78984375 0.4890625 0.0421875 0.0640625
0 0.84765625 0.48671875 0.03984375 0.0578125
0 0.12890625 0.8 0.075 0.07578125
0 0.22109375 0.79921875 0.06796875 0.0765625
0 0.303125 0.8 0.06875 0.0765625
0 0.39375 0.79921875 0.05703125 0.075