0 0.2828125 0.24765625 0.08359375 0.1046875
0 0.3734375 0.24765625 0.04765625 0.1015625
0 0.44765625 0.24765625 0.046875 0.103125
0 0.51953125 0.2484375 0.05546875 0.10234375
0 0.59296875 0.24765625 0.053125 0.1046875
0 0.6640625 0.246875 0.03203125 0.10234375
0 0.73828125 0.24765625 0.053125 0.103125
0 0.25703125 0.528125 0.04296875 0.08203125
0 0.35390625 0.528125 0.0421875 0.0796875
0 0.42265625 0.528125 0.040625 0.07890625
0 0.490625 0.52734375 0.0421875 0.08046875
0 0.56875 0.528125 0.040625 0.0828125
0 0.64296875 0.528125 0.04375 0.078125
0 0.72109375 0.52734375 0.04296875 0.08125