0 0.11640625 0.14453125 0.0578125 0.08828125
0 0.1828125 0.1453125 0.04296875 0.0890625
0 0.22890625 0.14453125 0.02890625 0.08984375
0 0.26875 0.1453125 0.0359375 0.0890625
0 0.31171875 0.1453125 0.0328125 0.0890625
0 0.3640625 0.14453125 0.0421875 0.0859375
0 0.41171875 0.14609375 0.03515625 0.08828125
0 0.4546875 0.1453125 0.0359375 0.08515625
0 0.49375 0.1453125 0.03125 0.0875
0 0.54921875 0.14453125 0.03671875 0.0859375
0 0.59453125 0.14453125 0.03359375 0.0875
0 0.63515625 0.1453125 0.03359375 0.0875
0 0.6765625 0.1453125 0.03046875 0.0890625
0 0.72890625 0.14453125 0.03984375 0.0859375
0 0.7765625 0.14453125 0.03203125 0.08828125
0 0.81796875 0.1453125 0.0359375 0.08828125
0 0.86171875 0.1453125 0.03671875 0.0890625