0 0.2125 0.23125 0.09453125 0.10625
0 0.2859375 0.23203125 0.02265625 0.1046875
0 0.33515625 0.23359375 0.05078125 0.1046875
0 0.38671875 0.23203125 0.02109375 0.1046875
0 0.41640625 0.2328125 0.01875 0.10625
0 0.4484375 0.2328125 0.01875 0.1078125
0 0.47578125 0.23203125 0.01484375 0.1109375
0 0.50859375 0.23203125 0.03125 0.109375
0 0.55390625 0.23203125 0.03671875 0.10703125
0 0.6234375 0.23203125 0.034375 0.10390625
0 0.6890625 0.23125 0.0265625 0.1046875
0 0.7578125 0.23125 0.028125 0.10703125
0 0.825 0.23046875 0.03671875 0.10703125