0 0.24765625 0.11875 0.23515625 0.08671875
0 0.40546875 0.1203125 0.05625 0.084375
0 0.471875 0.12109375 0.04765625 0.0890625
0 0.62265625 0.11953125 0.2265625 0.084375
0 0.778125 0.1203125 0.053125 0.08828125
0 0.84375 0.12109375 0.053125 0.08828125
0 0.17109375 0.34765625 0.08828125 0.23671875
0 0.27734375 0.34765625 0.07578125 0.23671875
0 0.38046875 0.3484375 0.09765625 0.23515625
0 0.49921875 0.3484375 0.09765625 0.23515625
0 0.6078125 0.34765625 0.07109375 0.23515625
0 0.7109375 0.34765625 0.0953125 0.23515625
0 0.8296875 0.34765625 0.10078125 0.23828125