0 0.19140625 0.2515625 0.06875 0.1015625
0 0.2828125 0.2515625 0.06640625 0.09921875
0 0.38515625 0.25390625 0.08359375 0.096875
0 0.48515625 0.2515625 0.08359375 0.09765625
0 0.58828125 0.253125 0.06875 0.10234375
0 0.69453125 0.2625 0.0796875 0.08125
0 0.8015625 0.26171875 0.078125 0.08125
0 0.365625 0.49453125 0.09453125 0.13359375
0 0.48984375 0.496875 0.096875 0.13125
0 0.6234375 0.496875 0.103125 0.1296875
0 0.33671875 0.7421875 0.08984375 0.09765625
0 0.4328125 0.7390625 0.05390625 0.09921875
0 0.515625 0.73984375 0.07109375 0.1015625
0 0.5984375 0.73984375 0.06484375 0.0984375
0 0.678125 0.73984375 0.0625 0.09921875