0 0.17265625 0.2484375 0.0515625 0.128125
0 0.25390625 0.24609375 0.06640625 0.12421875
0 0.4234375 0.24609375 0.084375 0.13046875
0 0.59375 0.24765625 0.084375 0.13125
0 0.76484375 0.246875 0.0859375 0.13359375
0 0.22265625 0.540625 0.15078125 0.14765625
0 0.34140625 0.53515625 0.053125 0.1609375
0 0.41015625 0.53203125 0.06015625 0.16640625
0 0.47734375 0.5328125 0.0453125 0.1671875
0 0.5359375 0.53203125 0.03671875 0.16484375
0 0.59375 0.534375 0.03828125 0.1671875
0 0.646875 0.53203125 0.03515625 0.16484375
0 0.71796875 0.53046875 0.03671875 0.16484375
0 0.77890625 0.53359375 0.03515625 0.1640625
0 0.8390625 0.5328125 0.03828125 0.1671875