0 0.24921875 0.31484375 0.0859375 0.22890625
0 0.34296875 0.32265625 0.0703125 0.2140625
0 0.421875 0.3234375 0.05703125 0.2140625
0 0.4984375 0.32265625 0.06796875 0.2125
0 0.5765625 0.32265625 0.05703125 0.2140625
0 0.6515625 0.3234375 0.06171875 0.2140625
0 0.7359375 0.3234375 0.08203125 0.21640625
0 0.253125 0.68984375 0.0859375 0.2234375
0 0.3421875 0.696875 0.0671875 0.2125
0 0.41953125 0.696875 0.059375 0.21171875
0 0.4984375 0.69765625 0.06796875 0.21640625
0 0.5765625 0.69609375 0.053125 0.21171875
0 0.65078125 0.69609375 0.06328125 0.2140625