0 0.13203125 0.53828125 0.04765625 0.0734375
0 0.18671875 0.53984375 0.0390625 0.07109375
0 0.2375 0.5421875 0.034375 0.0671875
0 0.28515625 0.54296875 0.02890625 0.0640625
0 0.33671875 0.54453125 0.034375 0.06484375
0 0.384375 0.54375 0.03125 0.065625
0 0.43203125 0.5453125 0.034375 0.0625
0 0.2109375 0.7890625 0.0390625 0.06171875
0 0.2625 0.79375 0.0390625 0.05546875
0 0.3078125 0.7953125 0.03359375 0.0515625
0 0.3484375 0.79453125 0.0265625 0.0515625
0 0.60625 0.79453125 0.03984375 0.0609375
0 0.659375 0.7953125 0.03984375 0.0625
0 0.72734375 0.79921875 0.0375 0.05234375
0 0.79296875 0.79921875 0.034375 0.05234375
0 0.83984375 0.8 0.03125 0.0515625